usage of modecounter:
-----------graph.txt must exist
 average graph size at the first backtrack of a list of backtrack= 7.32487
with distribtion
0->:1
3->:333
4->:1355
5->:4685
6->:5277
7->:4648
8->:2650
9->:1713
10->:1318
11->:1124
12->:989
13->:702
14->:366
15->:154
16->:92
average consequtive backtrack list length 3.75613
by gameid is 
3.31443
3.0452
1.93023
2.26667
2.59346
2.55034
2.96963
2.62205
2.48438
3.36768
3.38366
3.49721
3.39237
2.6729
3.16327
2.752
2.92889
3.14572
3.37652
1.92857
3.0355
3.79049
3.61852
3.07
2.57143
3.3994
2.49219
2.37097
1.47059
1.63725
2.83333
3.61111
3.5942
3.89203
2.84444
2.51639
2.94215
3.25
3.38739
2.63021
1.68889
2.64444
3.33333
2.54268
2.44828
2.25833
2.34921
1.40816
1.94118
2.18557
3.25728
1.74359
3.19658
2.86301
3.67972
3.60114
3.5489
3.89083
4.89096
4.14588
4.55944
4.79098
3.88542
4.8587
4.93983
5.35833
4.45914
4.94253
3.52924
3.94771
3.87879
4.46797
4.99533
4.67857
3.43478
1.83871
3.20588
4.49304
3.36471
4.51042
3.83099
3.66881
3.74129
4.97143
3.70745
4.31195
4.01145
4.74747
5.07214
4.99148
3.89726
3.99192
3.15385
3.77019
4.18023
3.48485
3.82996
4.25806
3.89474
4.25901
